0 0.560396 0.372979 0.557941 0.342458 0.550756 0.429331 0.571323 0.318582 0.582583 0.404586 0.588331 0.395767 0.569984 0.28637 0.546609 0.356411 0.585988 0.382166 0.561658 0.460348 0.579227 0.404596 0.556435 0.377057 0.547977 0.453108 0.565044 0.411798 0.569144 0.285614 0.55715 0.365483 0.584806 0.33079 0.555809 0.299532 0.570566 0.339121 0.589078 0.413734 0.571005 0.288505 0.561584 0.429319 0.566766 0.299572 0.577895 0.383772 0.554802 0.469269 0.570533 0.38998 0.573833 0.437813 0.574704 0.398805 0.589986 0.388436 0.580241 0.368639 0.561461 0.289362 0.551539 0.362116 0.552314 0.464226 0.547543 0.441255 0.553178 0.372296 0.555846 0.436868 0.563392 0.315525 0.551311 0.455692 0.5611 0.35741
0 0.193373 0.362885 0.19391 0.326412 0.218475 0.418208 0.199234 0.291457 0.200179 0.390403 0.210335 0.407742 0.220659 0.34799 0.217336 0.383693 0.223076 0.310478 0.215521 0.318683 0.199272 0.353186 0.216441 0.384508 0.19967 0.293226 0.19405 0.355372 0.200141 0.289567 0.203825 0.395302 0.219554 0.377929 0.200624 0.287138 0.213843 0.383718 0.221065 0.415209
0 0.149422 0.370589 0.146405 0.30376 0.140604 0.336627 0.133997 0.339676 0.140544 0.320368 0.156828 0.377563 0.142798 0.411874 0.146248 0.421238 0.164323 0.341044 0.145063 0.322204 0.16468 0.370328 0.143597 0.308588 0.150581 0.399556 0.146386 0.394624 0.146916 0.324925 0.162521 0.421448 0.144496 0.317336 0.148001 0.417151 0.161077 0.356922 0.132199 0.325901 0.139275 0.350413 0.155641 0.304785 0.160123 0.319838 0.13068 0.324265 0.134413 0.310463 0.167849 0.387429 0.15106 0.40231 0.156543 0.338764 0.163067 0.369879 0.163732 0.369206 0.157241 0.304046 0.146322 0.354037 0.158913 0.32696 0.137873 0.428324 0.139715 0.414661 0.167862 0.366643 0.157563 0.38927 0.156905 0.300804 0.159953 0.418358 0.158569 0.297568
0 0.928063 0.436493 0.884182 0.426145 0.878408 0.551101 0.870459 0.194579 0.885876 0.562596 0.834324 0.256832 0.860969 0.596327 0.925799 0.619501 0.831582 0.598483 0.817869 0.646661 0.851562 0.583869 0.838681 0.311852 0.915797 0.202594 0.86153 0.338735 0.930322 0.255158 0.80582 0.437772 0.804977 0.311048 0.909285 0.553982 0.890954 0.517169 0.804981 0.199536 0.924458 0.602174 0.863608 0.396427 0.871179 0.503062 0.868355 0.61793 0.913694 0.28763 0.89045 0.373364 0.843032 0.253832 0.92918 0.314325 0.893868 0.586378 0.887116 0.636361 0.932938 0.203054 0.892961 0.545718 0.874784 0.622191 0.930655 0.521433 0.845161 0.389206 0.847406 0.291303 0.890706 0.654984 0.81923 0.288076 0.822152 0.658809 0.919792 0.423147 0.884623 0.437611 0.896056 0.517136 0.820178 0.330659 0.837779 0.65363 0.932954 0.66415 0.898 0.305624 0.81007 0.525347 0.832207 0.607269 0.930438 0.634384
0 0.471865 0.413381 0.450272 0.383937 0.462938 0.297138 0.436119 0.443524 0.466746 0.298073 0.452303 0.299933 0.47128 0.438653 0.446506 0.435052 0.462202 0.472861 0.444021 0.452879 0.459948 0.293926 0.453978 0.376352 0.464764 0.446533 0.455112 0.352425 0.465285 0.442975 0.468935 0.344432 0.449651 0.405589 0.462776 0.458879 0.448045 0.340314 0.458051 0.301945 0.454157 0.285816 0.463286 0.390692 0.466421 0.308009 0.4368 0.367488 0.438546 0.331973 0.454019 0.384351 0.46189 0.436329 0.43742 0.369649 0.456448 0.367866 0.43792 0.474187 0.466279 0.446229 0.451747 0.293571 0.466917 0.411942 0.459348 0.402991 0.442159 0.319624 0.445723 0.328982 0.44528 0.465572 0.450913 0.424441 0.468736 0.46915 0.459933 0.335707 0.457037 0.454171 0.471535 0.471457 0.438878 0.36126 0.440311 0.438624 0.458763 0.401291 0.457725 0.32044
0 0.522821 0.322955 0.502871 0.450475 0.521917 0.333858 0.531855 0.388109 0.535859 0.408938 0.52818 0.382999 0.493938 0.42083 0.496647 0.31204 0.538634 0.421717 0.482473 0.368694
0 0.615671 0.373194 0.600424 0.452736 0.580853 0.317304 0.608361 0.321225 0.623833 0.28551 0.589909 0.317004 0.587505 0.330276 0.61453 0.322834 0.590048 0.467323
7 0.071288 0.287038 0.019795 0.218424 0.004219 0.333325 0.091276 0.217284 0.087817 0.27647 0.01234 0.328475 0.052406 0.241559 0.036417 0.323727 0.048497 0.250148 0.066648 0.321506 0.041667 0.218621 0.053272 0.219111 0.028563 0.313574 0.083058 0.313985 0.010986 0.286401 0.053868 0.290435 0.02406 0.290794 0.027639 0.281739 0.039462 0.298402 0.025918 0.254425 0.070162 0.261717 0.005697 0.218933 0.090635 0.353476 0.024399 0.228686 0.048986 0.224427 0.011092 0.27784 0.046855 0.312056 0.02784 0.283074
5 0.517214 0.679378 0.38946 0.638377 0.326054 0.70711 0.443435 0.609118 0.56394 0.47265 0.547211 0.516855 0.577939 0.53122 0.618719 0.565439 0.345966 0.446405 0.357008 0.483173 0.334471 0.575529 0.378164 0.45519 0.367032 0.46456 0.559605 0.464474 0.515409 0.467669 0.351404 0.594665 0.604409 0.641409 0.392584 0.586541 0.406338 0.733435 0.59382 0.580716 0.535661 0.65784 0.368991 0.474463 0.364937 0.432212 0.405519 0.499397 0.503341 0.581197 0.568115 0.476079 0.541694 0.604287 0.429256 0.578807 0.436691 0.464255 0.598501 0.514917 0.507866 0.472212 0.548765 0.627202 0.386549 0.718151 0.532225 0.575872 0.359743 0.746107 0.475094 0.74031 0.525089 0.518718 0.555149 0.594586 0.519912 0.61436 0.45931 0.582155 0.346849 0.550445 0.527972 0.611491
0 0.355196 0.341515 0.26732 0.39446 0.234433 0.389234 0.33358 0.51386 0.238262 0.399949 0.234135 0.705415 0.351499 0.490807 0.257155 0.247102 0.351884 0.589455 0.286201 0.745764 0.237002 0.432551 0.248902 0.605407 0.281874 0.443742 0.299418 0.269108 0.331966 0.369475 0.340031 0.472753 0.338628 0.704265 0.223096 0.695306 0.234981 0.305968 0.355548 0.586186 0.346577 0.662504 0.220451 0.3403 0.327937 0.324553 0.291402 0.417129 0.289955 0.626014 0.277993 0.394949 0.31268 0.697235 0.266186 0.482829 0.300991 0.474629 0.255721 0.70885 0.364838 0.372524 0.304835 0.627664 0.34882 0.443426
